0.000000
0.021759
0.021470
0.032392
0.031965
0.031611
0.031332
0.040697
0.040077
0.039644
0.039121
0.045388
0.044796
0.044306
0.043650
0.046323
0.045630
0.049291
0.048654
0.048019
0.056110
0.055398
0.054717
0.054028
0.053572
0.053028
0.052141
0.051717
0.061910
0.061162
0.060453
0.059734
0.059021
0.058341
0.057779
0.057343
0.056702
0.055973
0.055475
0.065369
0.054279
0.063990
0.063435
0.062711
0.062086
0.061675
0.061197
0.060618
0.068861
0.059520
0.058994
0.058515
0.058029
0.057710
0.065495
0.065078
0.064768
0.064317
0.063871
0.063478
0.063080
0.062702
0.062357
0.062071
0.061728
0.061575
0.061249
0.066771
0.066510
0.066273
0.066070
0.065902
0.065726
0.065581
0.065493
0.067987
0.067897
0.067835
0.071654
0.080021
