0.000000
0.043802
0.054305
0.069222
0.082772
0.081856
0.096654
0.095381
0.107707
0.106544
0.114986
0.113448
0.116360
0.121620
0.133868
0.132956
0.130966
0.129582
0.146239
0.144330
0.142498
0.140690
0.138961
0.156038
0.154720
0.153150
0.150588
0.149364
0.147558
0.161844
0.159966
0.158064
0.156178
0.154379
0.152891
0.151738
0.160951
0.158881
0.157468
0.155758
0.158855
0.157206
0.162054
0.160203
0.158607
0.170742
0.169417
0.167815
0.166248
0.164774
0.163320
0.161992
0.177586
0.176612
0.174796
0.173684
0.172855
0.171651
0.170462
0.169413
0.185930
0.184814
0.183797
0.182956
0.181944
0.181494
0.180532
0.179950
0.194727
0.178608
0.193440
0.192948
0.192433
0.192008
0.191751
0.191540
0.191285
0.202239
0.191027
0.190943
