1.000000
0.900867
0.846882
0.784960
0.750794
0.720983
0.699015
0.673416
0.615660
0.609012
0.571674
0.537618
0.530604
0.505926
0.498430
0.486575
0.470296
0.465326
0.459316
0.434389
0.428875
0.423432
0.418231
0.412962
0.409472
0.405317
0.398537
0.395297
0.390518
0.385801
0.381325
0.376792
0.372295
0.368006
0.364459
0.361711
0.357668
0.353068
0.349926
0.346128
0.342380
0.338827
0.335888
0.332053
0.328745
0.326568
0.324035
0.320971
0.317973
0.315155
0.312373
0.309833
0.307260
0.305575
0.302433
0.300508
0.299073
0.296990
0.294934
0.293120
0.291282
0.289533
0.287940
0.286623
0.285037
0.284333
0.282826
0.281913
0.280811
0.279811
0.278954
0.278244
0.277502
0.276889
0.276518
0.276214
0.275847
0.275597
0.275474
0.275353
