0.000000
0.157967
0.280418
0.388261
0.425964
0.421251
0.417536
0.412038
0.405762
0.401380
0.396082
0.390782
0.385684
0.381468
0.375816
0.373256
0.367668
0.363782
0.359084
0.354396
0.349897
0.345457
0.341213
0.336915
0.334067
0.330677
0.325146
0.322502
0.318603
0.314755
0.311104
0.307405
0.303736
0.300237
0.297343
0.295102
0.291803
0.288050
0.285487
0.282388
0.279330
0.276431
0.274034
0.270905
0.268206
0.266430
0.264363
0.261864
0.259418
0.257119
0.254849
0.252777
0.250677
0.249303
0.246740
0.245169
0.243999
0.242299
0.240621
0.239141
0.237642
0.236215
0.234915
0.233841
0.232547
0.231972
0.230743
0.229999
0.229099
0.228284
0.227584
0.227005
0.226400
0.225900
0.225597
0.225349
0.225049
0.224845
0.224745
0.224647
