0.000000
0.052207
0.087383
0.104192
0.119635
0.130986
0.131162
0.144362
0.161721
0.185370
0.185940
0.186604
0.213043
0.213732
0.214871
0.215403
0.240477
0.241582
0.242919
0.262155
0.263809
0.273682
0.275590
0.288583
0.289968
0.349593
0.319532
0.321293
0.323984
0.361083
0.364298
0.367556
0.371022
0.374563
0.377491
0.419687
0.423910
0.428806
0.432558
0.437094
0.441878
0.446728
0.489668
0.496047
0.501655
0.505466
0.510385
0.516333
0.522570
0.559649
0.566217
0.573140
0.580154
0.584909
0.594860
0.616101
0.621353
0.629281
0.637106
0.662416
0.670932
0.679808
0.688703
0.735336
0.746512
0.751632
0.762935
0.771368
0.781565
0.792164
0.802760
0.811524
0.824076
0.835072
0.842502
0.851927
0.863324
0.875146
0.886942
0.964127
