0.000000
0.183058
0.404477
0.450098
0.450698
0.451194
0.451800
0.452799
0.454010
0.455168
0.456567
0.458198
0.459997
0.461485
0.463945
0.465094
0.467681
0.469831
0.472430
0.475283
0.478282
0.481243
0.484598
0.487997
0.490338
0.493479
0.498606
0.501355
0.505553
0.509698
0.514238
0.518836
0.523728
0.528726
0.532860
0.536412
0.541810
0.548068
0.552863
0.558661
0.564776
0.570974
0.576100
0.583605
0.590203
0.594687
0.600474
0.607472
0.614810
0.622207
0.629510
0.637207
0.645004
0.650292
0.661355
0.668134
0.673829
0.682426
0.690913
0.699795
0.708792
0.718168
0.727565
0.735336
0.746512
0.751632
0.762935
0.771368
0.781565
0.792164
0.802760
0.811524
0.824076
0.835072
0.842502
0.851927
0.863324
0.875146
0.886942
0.964127
