0.000000
0.087344
0.135671
0.183306
0.208736
0.231999
0.249202
0.290176
0.321632
0.322452
0.357216
0.389455
0.390984
0.415086
0.417298
0.428873
0.442700
0.444735
0.472430
0.475283
0.478282
0.481243
0.484598
0.487997
0.490338
0.493479
0.498606
0.501355
0.505553
0.509698
0.514238
0.518836
0.523728
0.528726
0.571726
0.575537
0.581329
0.588043
0.593188
0.599409
0.605969
0.612620
0.618119
0.626172
0.633251
0.638062
0.644271
0.651779
0.659653
0.667590
0.675425
0.683683
0.692050
0.697723
0.709593
0.716867
0.722977
0.732201
0.741307
0.750836
0.760489
0.770549
0.780632
0.788970
0.800961
0.806454
0.818582
0.827630
0.838570
0.849943
0.861312
0.870715
0.884182
0.895981
0.903953
0.914065
0.926293
0.938977
0.951634
0.964127
