0.000000
0.044396
0.060931
0.072178
0.087578
0.104446
0.104586
0.120192
0.120514
0.132139
0.132546
0.138238
0.146657
0.164384
0.165260
0.165669
0.190466
0.191342
0.192400
0.193562
0.194784
0.222883
0.224437
0.226011
0.227095
0.228550
0.256378
0.257792
0.259951
0.262082
0.264416
0.266780
0.288875
0.291632
0.293913
0.295872
0.308127
0.311685
0.314412
0.330371
0.333988
0.365908
0.369193
0.374003
0.378231
0.381105
0.384813
0.430348
0.435546
0.440787
0.445960
0.451413
0.456937
0.460682
0.468520
0.473323
0.527201
0.533928
0.540568
0.547516
0.554556
0.561891
0.569244
0.575324
0.584068
0.588073
0.596917
0.655640
0.664307
0.673316
0.682323
0.689772
0.700440
0.709787
0.716102
0.724113
0.733800
0.787156
0.797766
0.808240
